// r1cs file content
[
    114, 49, 99, 115,       // r1cs
    1, 0, 0, 0,             // version = 1
    3, 0, 0, 0,             // number of sections = 3 (header, constraints, wire mapping)

    2, 0, 0, 0,
    120, 0, 0, 0,
    0, 0, 0, 0,
    1, 0, 0, 0,
    2, 0, 0, 0,

    0, 0, 0, 240, 147, 245, 225, 67, 145, 112, 185, 121, 72, 232, 51, 40, 93, 88, 129, 129, 182, 69, 80, 184, 41, 160, 49, 225, 114, 78, 100, 48, // order `p - 1` (rev)

    1, 0, 0, 0,
    3, 0, 0, 0, // wire 3 ??

    1, 0, 0, 0, 0, 0, 0, 0, 0, 0, 0, 0, 0, 0, 0, 0, 0, 0, 0, 0, 0, 0, 0, 0, 0, 0, 0, 0, 0, 0, 0, 0, // 1 (rev)

    1, 0, 0, 0,
    1, 0, 0, 0,

    0, 0, 0, 240, 147, 245, 225, 67, 145, 112, 185, 121, 72, 232, 51, 40, 93, 88, 129, 129, 182, 69, 80, 184, 41, 160, 49, 225, 114, 78, 100, 48, // order `p - 1` (rev)

    1, 0, 0, 0,
    64, 0, 0, 0,
    0, 0, 0, 0,

    32, 0, 0, 0,            // field size = 32 bytes
    1, 0, 0, 240, 147, 245, 225, 67, 145, 112, 185, 121, 72, 232, 51, 40, 93, 88, 129, 129, 182, 69, 80, 184, 41, 160, 49, 225, 114, 78, 100, 48, // order `p` (rev)

    // untouched metadata
    4, 0, 0, 0, 1, 0, 0, 0, 0, 0, 0, 0, 2, 0, 0, 0, 4, 0, 0, 0, 0, 0, 0, 0, 1, 0, 0, 0, 3, 0, 0, 0, 32, 0, 0, 0, 0, 0, 0, 0, 0, 0, 0, 0, 0, 0, 0, 0, 1, 0, 0, 0, 0, 0, 0, 0, 2, 0, 0, 0, 0, 0, 0, 0, 3, 0, 0, 0, 0, 0, 0, 0]


// snarkjs r1cs print
snarkJS: [ 21888242871839275222246405745257275088548364400416034343698204186575808495616main.x ] * [ main.y ] - [ 21888242871839275222246405745257275088548364400416034343698204186575808495616main.z ] = 0

// sym file
1,1,0,main.z
2,2,0,main.x
3,3,0,main.y


// "r1cs" -> 0x|72|31|63|73
